2 3 32% 0
2 4 44% 1
2 5 53% 1
2 6 63% 2
2 7 71% 2
2 8 67% 2
2 9 56% 1
2 10 47% 1
2 11 36% 1
2 12 26% 0
3 4 47% 1
3 5 53% 1
3 6 64% 2
3 7 71% 2
3 8 68% 2
3 9 64% 2
3 10 56% 1
3 11 45% 1
3 12 36% 1
4 5 61% 2
4 6 72% 3
4 7 77% 3
4 8 75% 3
4 9 68% 2
4 10 67% 2
4 11 56% 1
4 12 47% 1
5 6 73% 3
5 7 78% 4
5 8 77% 3
5 9 69% 2
5 10 68% 2
5 11 64% 2
5 12 56% 1
6 7 84% 5
6 8 82% 5
6 9 77% 3
6 10 75% 3
6 11 68% 2
6 12 67% 2
7 8 84% 5
7 9 78% 4
7 10 77% 3
7 11 71% 2
7 12 71% 2
8 9 73% 3
8 10 72% 3
8 11 64% 2
8 12 63% 2
9 10 61% 2
9 11 53% 1
9 12 53% 1
10 11 47% 1
10 12 44% 1
11 12 32% 0	