2 3 4 52% 1
2 3 5 58% 1
2 3 6 68% 2
2 3 7 75% 3
2 3 8 76% 3
2 3 9 71% 2
2 3 10 63% 2
2 3 11 53% 1
2 3 12 44% 1
2 4 5 66% 2
2 4 6 76% 3
2 4 7 81% 4
2 4 8 82% 5
2 4 9 76% 3
2 4 10 74% 3
2 4 11 63% 2
2 4 12 55% 1
2 5 6 77% 3
2 5 7 81% 4
2 5 8 83% 5
2 5 9 76% 3
2 5 10 76% 3
2 5 11 71% 2
2 5 12 63% 2
2 6 7 86% 6
2 6 8 88% 7
2 6 9 83% 5
2 6 10 81% 4
2 6 11 76% 3
2 6 12 74% 3
2 7 8 89% 8
2 7 9 84% 5
2 7 10 83% 5
2 7 11 78% 4
2 7 12 78% 4
2 8 9 82% 5
2 8 10 82% 5
2 8 11 74% 3
2 8 12 74% 3
2 9 10 71% 2
2 9 11 64% 2
2 9 12 63% 2
2 10 11 58% 1
2 10 12 55% 1
2 11 12 44% 1
3 4 5 67% 2
3 4 6 74% 3
3 4 7 79% 4
3 4 8 80% 4
3 4 9 78% 4
3 4 10 76% 3
3 4 11 66% 2
3 4 12 58% 1
3 5 6 77% 3
3 5 7 79% 4
3 5 8 81% 4
3 5 9 78% 4
3 5 10 76% 3
3 5 11 71% 2
3 5 12 64% 2
3 6 7 86% 6
3 6 8 85% 6
3 6 9 83% 5
3 6 10 82% 5
3 6 11 76% 3
3 6 12 74% 3
3 7 8 89% 8
3 7 9 84% 5
3 7 10 84% 5
3 7 11 78% 4
3 7 12 78% 4
3 8 9 84% 5
3 8 10 83% 5
3 8 11 76% 3
3 8 12 76% 3
3 9 10 78% 4
3 9 11 71% 2
3 9 12 71% 2
3 10 11 66% 2
3 10 12 63% 2
3 11 12 53% 1
4 5 6 80% 4
4 5 7 85% 6
4 5 8 85% 6
4 5 9 80% 4
4 5 10 82% 5
4 5 11 78% 4
4 5 12 71% 2
4 6 7 89% 8
4 6 8 91% 10
4 6 9 86% 6
4 6 10 88% 7
4 6 11 83% 5
4 6 12 82% 5
4 7 8 90% 9
4 7 9 89% 8
4 7 10 88% 7
4 7 11 84% 5
4 7 12 83% 5
4 8 9 86% 6
4 8 10 88% 7
4 8 11 82% 5
4 8 12 81% 4
4 9 10 82% 5
4 9 11 76% 3
4 9 12 76% 3
4 10 11 76% 3
4 10 12 74% 3
4 11 12 63% 2
5 6 7 89% 8
5 6 8 90% 9
5 6 9 87% 7
5 6 10 86% 6
5 6 11 84% 5
5 6 12 82% 5
5 7 8 91% 10
5 7 9 85% 6
5 7 10 89% 8
5 7 11 84% 5
5 7 12 84% 5
5 8 9 87% 7
5 8 10 86% 6
5 8 11 83% 5
5 8 12 83% 5
5 9 10 80% 4
5 9 11 78% 4
5 9 12 76% 3
5 10 11 78% 4
5 10 12 76% 3
5 11 12 71% 2
6 7 8 92% 12
6 7 9 91% 10
6 7 10 90% 9
6 7 11 89% 8
6 7 12 89% 8
6 8 9 90% 9
6 8 10 91% 10
6 8 11 85% 6
6 8 12 88% 7
6 9 10 85% 6
6 9 11 81% 4
6 9 12 83% 5
6 10 11 80% 4
6 10 12 82% 5
6 11 12 76% 3
7 8 9 89% 8
7 8 10 89% 8
7 8 11 86% 6
7 8 12 86% 6
7 9 10 85% 6
7 9 11 79% 4
7 9 12 81% 4
7 10 11 79% 4
7 10 12 81% 4
7 11 12 75% 3
8 9 10 80% 4
8 9 11 77% 3
8 9 12 77% 3
8 10 11 74% 3
8 10 12 76% 3
8 11 12 68% 2
9 10 11 67% 2
9 10 12 66% 2
9 11 12 58% 1
10 11 12 52% 1